InImgWidth = 1280
InImgHeight = 480
OutImgWidth = 1280
OutImgHeight = 480
RECT_ScaleWidth = 640
RECT_ScaleHeight = 480
CamMat1 = 669.11108398, 0.00000000, 326.72167969, 0.00000000, 667.58673096, 235.72445679, 0.00000000, 0.00000000, 1.00000000, 
CamDist1 = -0.38698196, 0.12818146, 0.00060654, -0.00117493, 0.17711258, 0.00000000, 0.00000000, 0.00000000, 
CamMat2 = 669.09515381, 0.00000000, 330.00027466, 0.00000000, 667.72943115, 233.69058228, 0.00000000, 0.00000000, 1.00000000, 
CamDist2 = -0.38953018, 0.19945526, 0.00082397, -0.00136566, -0.11399078, 0.00000000, 0.00000000, 0.00000000, 
RotaMat = 0.99998856, 0.00338161, -0.00337780, -0.00337887, 0.99999392, 0.00082791, 0.00338054, -0.00081658, 0.99999392, 
TranMat = -59.60835266, 0.00000000, 0.00000000, 
LRotaMat = 0.99993169, 0.01101339, 0.00389469, -0.01101506, 0.99993920, 0.00040221, -0.00388992, -0.00044513, 0.99999225, 
RRotaMat = 0.99994433, 0.00763786, 0.00726604, -0.00763476, 0.99997067, -0.00045145, -0.00726926, 0.00039589, 0.99997342, 
NewCamMat1 = 685.00000000, 0.00000000, 324.93530273, 0.00000000, 0.00000000, 685.00000000, 234.36376953, 0.00000000, 0.00000000, 0.00000000, 1.00000000, 0.00000000, 
NewCamMat2 = 685.00000000, 0.00000000, 324.93530273, -37866.76171875, 0.00000000, 685.00000000, 234.36376953, 0.00000000, 0.00000000, 0.00000000, 1.00000000, 0.00000000, 
RECT_Crop_Row_BG = 0
RECT_Crop_Row_ED = 479
RECT_Crop_Col_BG_L = 0
RECT_Crop_Col_ED_L = 639
RECT_Scale_Col_M = 1
RECT_Scale_Col_N = 1
RECT_Scale_Row_M = 1
RECT_Scale_Row_N = 1
RECT_AvgErr = 0.32844853
nLineBuffers = 66
ReProjectMat = 1.00000000, 0.00000000, 0.00000000, -324.93530273, 0.00000000, 1.00000000, 0.00000000, -234.36389160, 0.00000000, 0.00000000, 0.00000000, 685.00000000, 0.00000000, 0.00000000, 0.01677322, 0.00000000, 
