InImgWidth = 2560
InImgHeight = 720
OutImgWidth = 2560
OutImgHeight = 720
RECT_ScaleWidth = 853
RECT_ScaleHeight = 480
CamMat1 = 1330.12072754, 0.00000000, 657.70391846, 0.00000000, 1327.27673340, 354.17193604, 0.00000000, 0.00000000, 1.00000000, 
CamDist1 = -0.37696075, 0.01174164, 0.00027084, -0.00152588, 0.54594040, 0.00000000, 0.00000000, 0.00000000, 
CamMat2 = 1330.07006836, 0.00000000, 663.80578613, 0.00000000, 1327.20336914, 353.20925903, 0.00000000, 0.00000000, 1.00000000, 
CamDist2 = -0.38778305, 0.17258072, 0.00082397, -0.00190735, -0.05360794, 0.00000000, 0.00000000, 0.00000000, 
RotaMat = 0.99999070, 0.00335956, -0.00266123, -0.00335777, 0.99999404, 0.00070608, 0.00266361, -0.00069714, 0.99999619, 
TranMat = -59.77111435, 0.00000000, 0.00000000, 
LRotaMat = 0.99993372, 0.00517881, 0.01027131, -0.00518250, 0.99998641, 0.00033629, -0.01026952, -0.00038946, 0.99994719, 
RRotaMat = 0.99991465, 0.00182843, 0.01293111, -0.00182378, 0.99999821, -0.00037467, -0.01293182, 0.00035107, 0.99991632, 
NewCamMat1 = 1370.00000000, 0.00000000, 644.27929688, 0.00000000, 0.00000000, 1370.00000000, 353.75500488, 0.00000000, 0.00000000, 0.00000000, 1.00000000, 0.00000000, 
NewCamMat2 = 1370.00000000, 0.00000000, 644.27929688, -77120.65625000, 0.00000000, 1370.00000000, 353.75500488, 0.00000000, 0.00000000, 0.00000000, 1.00000000, 0.00000000, 
RECT_Crop_Row_BG = 0
RECT_Crop_Row_ED = 479
RECT_Crop_Col_BG_L = 106
RECT_Crop_Col_ED_L = 745
RECT_Scale_Col_M = 208
RECT_Scale_Col_N = 224
RECT_Scale_Row_M = 208
RECT_Scale_Row_N = 224
RECT_AvgErr = 0.09704387
nLineBuffers = 88
ReProjectMat = 1.00000000, 0.00000000, 0.00000000, -358.85290527, 0.00000000, 1.00000000, 0.00000000, -235.83674622, 0.00000000, 0.00000000, 0.00000000, 913.33337402, 0.00000000, 0.00000000, 0.01672745, 0.00000000, 
