InImgWidth = 640
InImgHeight = 360
OutImgWidth = 640
OutImgHeight = 360
RECT_ScaleWidth = 0
RECT_ScaleHeight = 0
CamMat1 = 314.60607910, 0.00000000, 309.47808838, 0.00000000, 313.64901733, 162.39950562, 0.00000000, 0.00000000, 1.00000000, 
CamDist1 = -0.13271332, -0.01956940, -0.00051498, -0.00006485, 0.01812363, 162.39950562, 0.00000000, 0.00000000, 
CamMat2 = 319.53427124, 0.00000000, 319.49819946, 0.00000000, 318.57223511, 173.48619080, 0.00000000, 0.00000000, 1.00000000, 
CamDist2 = -0.12288666, -0.04403687, 0.00074768, 0.00102997, 0.03339005, 173.48619080, 0.00000000, 0.00000000, 
RotaMat = 0.99993205, 0.00496924, -0.01053679, -0.00490212, 0.99996758, 0.00638282, 0.01056814, -0.00633073, 0.99992406, 
TranMat = -49.94821548, 1.74425662, 5.86474514, 
LRotaMat = 0.99145114, -0.02899086, -0.12721634, 0.02961457, 0.99955678, 0.00301421, 0.12707257, -0.00675595, 0.99187040, 
RRotaMat = 0.99258029, -0.03466213, -0.11654532, 0.03454792, 0.99939847, -0.00300097, 0.11657917, -0.00104761, 0.99318075, 
NewCamMat1 = 324.20056152, 0.00000000, 414.52368164, 0.00000000, 324.20056152, 166.32702637, 0.00000000, 0.00000000, 1.00000000, 0.00354004, 0.00000000, 0.00000000, 
NewCamMat2 = 324.20056152, 0.00000000, 414.52368164, 0.00000000, 324.20056152, 166.32702637, 0.00000000, 0.00000000, 1.00000000, 0.00354004, 0.00000000, 0.00000000, 
RECT_Crop_Row_BG = 0
RECT_Crop_Row_ED = 0
RECT_Crop_Col_BG_L = 0
RECT_Crop_Col_ED_L = 0
RECT_Scale_Col_M = 0
RECT_Scale_Col_N = 0
RECT_Scale_Row_M = 0
RECT_Scale_Row_N = 0
RECT_AvgErr = 0.00000000
nLineBuffers = 0
ReProjectMat = 1.00000000, 0.00000000, 0.00000000, -414.52368164, 0.00000000, 1.00000000, 0.00000000, -166.32707214, 0.00000000, 0.00000000, 0.00000000, 324.20059204, 0.00000000, 0.00000000, 0.02001953, 0.00000000, 
