InImgWidth = 2560
InImgHeight = 720
OutImgWidth = 2560
OutImgHeight = 720
RECT_ScaleWidth = 1280
RECT_ScaleHeight = 720
CamMat1 = 1346.70312500, 0.00000000, 636.28973389, 0.00000000, 1345.49755859, 362.06240845, 0.00000000, 0.00000000, 1.00000000, 
CamDist1 = -0.39465332, 0.24540710, -0.00223160, -0.00003052, -0.13274002, 0.00000000, 0.00000000, 0.00000000, 
CamMat2 = 1347.87036133, 0.00000000, 629.36169434, 0.00000000, 1346.75305176, 356.06146240, 0.00000000, 0.00000000, 1.00000000, 
CamDist2 = -0.39424515, 0.23946381, -0.00283813, -0.00027847, -0.11019516, 0.00000000, 0.00000000, 0.00000000, 
RotaMat = 0.99993920, -0.00035632, 0.01101494, 0.00034392, 0.99999928, 0.00112247, -0.01101530, -0.00111854, 0.99993861, 
TranMat = -59.66524506, 0.00000000, 0.00000000, 
LRotaMat = 0.99999893, 0.00119984, -0.00078905, -0.00119948, 0.99999905, 0.00055754, 0.00078964, -0.00055659, 0.99999952, 
RRotaMat = 0.99992907, 0.00154293, -0.01180565, -0.00154960, 0.99999857, -0.00054789, 0.01180482, 0.00056612, 0.99993014, 
NewCamMat1 = 1321.35668945, 0.00000000, 640.57214355, 0.00000000, 0.00000000, 1321.35668945, 356.74951172, 0.00000000, 0.00000000, 0.00000000, 1.00000000, 0.00000000, 
NewCamMat2 = 1321.35668945, 0.00000000, 640.57214355, -78839.07812500, 0.00000000, 1321.35668945, 356.74951172, 0.00000000, 0.00000000, 0.00000000, 1.00000000, 0.00000000, 
RECT_Crop_Row_BG = 0
RECT_Crop_Row_ED = 719
RECT_Crop_Col_BG_L = 0
RECT_Crop_Col_ED_L = 1279
RECT_Scale_Col_M = 1
RECT_Scale_Col_N = 1
RECT_Scale_Row_M = 1
RECT_Scale_Row_N = 1
RECT_AvgErr = 0.08703816
nLineBuffers = 65
ReProjectMat = 1.00000000, 0.00000000, 0.00000000, -640.57226563, 0.00000000, 1.00000000, 0.00000000, -356.74960327, 0.00000000, 0.00000000, 0.00000000, 1321.35681152, 0.00000000, 0.00000000, 0.01675797, 0.00000000, 
